         DIMENSIONS OF WELDED AND SEAMLESS TEE (¥‹¿ß;lbs)
TEE
+-----+------+-----+-----+-----+-----+-----+-----+-----+-----+-----+------+------+
|PIPE | OUT- | SCH.| SCH.| SCH.| SCH.| SCH.| SCH.| SCH.| SCH.| SCH.| SCH. | SCH. |
|SIZE | SIDE |  20 |  30 |  40 | STD |  60 |  80 |  XS | 100 | 120.| 160  | XXS  |  
+-----+------+-----+-----+-----+-----+-----+-----+-----+-----+-----+------+------+
| 0.5 | 21.34|     |     |  0.4|  0.4|     |  0.5|  0.5|     |     |  0.5 |      |
|0.75 | 26.67|     |     |  0.5|  0.5|     |  0.6|  0.6|     |     |  0.6 |      |
|  1  | 33.40|     |     |  0.8|  0.8|     |  0.9|  0.9|     |     |  1.0 |  1.3 |
|1.25 | 42.16|     |     |  1.3|  1.3|     |  1.6|  1.6|     |     |  2.0 |  2.5 |
| 1.5 | 48.26|     |     |  2.0|  2.0|     |  2.3|  2.3|     |     |  3.0 |  3.4 |
|  2  | 60.33|     |     |  3.5|  3.5|     |  4.0|  4.0|     |     |  5.0 |  6.3 |
| 2.5 | 73.03|     |     |  6.0|  6.0|     |  7.0|  7.0|     |     |  8.0 | 10.5 |
|  3  | 88.90|     |     |  7.0|  7.0|     |  8.5|  8.5|     |     | 10.0 | 13.5 |
| 3.5 |101.60|     |     |  9.0|  9.0|     | 12.0| 12.0|     |     |      | 18.0 |
|  4  |114.30|     |     | 12.0| 12.0|     | 15.8| 15.8|     | 23.5| 25.0 | 25.0 |
|  5  |141.30|     |     | 21.0| 21.0|     | 26.0| 26.0|     | 44.5| 55.0 | 40.0 |
|  6  |168.28|     |     | 34.0| 34.0|     | 40.0| 40.0|     | 64.0| 62.0 | 68.0 |
|  8  |219.08| 54.0| 57.0| 55.0| 55.0| 76.0| 75.0| 75.0|  97 | 115 | 152  | 148  |
| 10  |273.05| 73.0| 81.0|  85 |  85 |     | 161 | 105 | 180 | 215 | 260  |      |
| 12  |323.85| 120 | 136 | 147 | 120 | 226 | 245 | 160 | 304 | 353 | 480  |      |
| 14  |355.60| 210 |     | 252 | 165 | 311 | 369 | 230 |     |     |      |      |
| 16  |406.40| 222 | 195 | 280 | 195 | 458 | 548 | 280 |     |     |      |      |
| 18  |457.20| 307 | 399 | 525 | 249 | 612 | 710 | 332 |     |     |      |      |
| 20  |508.00| 342 | 480 | 706 | 342 | 834 |1021 | 480 |     |     |      |      |
| 22  |558.80| 414 | 550 |     | 414 |     |     | 550 |     |     |      |      |
| 24  |609.60| 528 | 977 |1257 | 528 |1446 |1373 | 610 |     |     |      |      |
+-----+------+-----+-----+-----+-----+-----+-----+-----+-----+-----+------+------+
| 26  |660.40| 770 |     |     | 770 |     |     | 875 |     |     |      |      |
| 30  |762.00|1060 |     |     |1060 |     |     |1200 |     |     |      |      |
+-----+------+-----+-----+-----+-----+-----+-----+-----+-----+-----+------+------+

45E
+-----+------+-----+-----+-----+-----+-----+-----+-----+-----+-----+------+------+
|PIPE | OUT- | SCH.| SCH.| SCH.| SCH.| SCH.| SCH.| SCH.| SCH.| SCH.| SCH. | SCH. |
|SIZE | SIDE |  20 |  30 |  40 | STD |  60 |  80 |  XS | 100 | 120.| 160  | XXS  |  
+-----+------+-----+-----+-----+-----+-----+-----+-----+-----+-----+------+------+
| 0.5 | 21.34|     |     |  0.1|  0.1|     |  0.2|  0.2|     |     |      |      |
|0.75 | 26.67|     |     |  0.1|  0.1|     |  0.2|  0.2|     |     |      |      |
|  1  | 33.40|     |     |  0.3|  0.3|     |  0.3|  0.3|     |     |  0.3 |  0.4 |
|1.25 | 42.16|     |     |  0.4|  0.4|     |  0.5|  0.5|     |     |  0.5 |  0.8 |
| 1.5 | 48.26|     |     |  0.4|  0.4|     |  0.7|  0.7|     |     |  1.0 |  1.1 |
|  2  | 60.33|     |     |  0.8|  0.8|     |  1.2|  1.2|     |     |  1.6 |  2.0 |
| 2.5 | 73.03|     |     |  1.8|  1.8|     |  2.1|  2.1|     |     |  3.0 |  3.8 |
|  3  | 88.90|     |     |  2.6|  2.6|     |  3.5|  3.5|     |     |  4.4 |  5.8 |
| 3.5 |101.60|     |     |  3.5|  3.5|     |  4.5|  4.5|     |     |      |  8.5 |
|  4  |114.30|     |     |  4.5|  4.5|     |  6.1|  6.1|     |  7.8|  8.8 | 10.8 |
|  5  |141.30|     |     |  7.5|  7.5|     | 10.8| 10.8|     | 13.9| 16.0 | 19.0 |
|  6  |168.28|     |     | 12.0| 12.0|     | 17.5| 17.5|     | 22.6| 30.0 | 32.0 |
|  8  |219.08| 18.2| 20.4| 23.0| 23.0| 29.4| 35.0| 35.0|  42 | 50.4| 62.0 | 60.0 |
| 10  |273.05| 28.4| 35.7| 43.0| 43  |     |  67 |  53 |  79 |  92 | 130  |      |
| 12  |323.85| 41  | 54  | 66  | 62  | 91  | 109 |  84 | 134 | 155 | 225  |      |
| 14  |355.60| 66  |     | 91  | 80  | 123 | 154 | 100 |     | 213 | 286  |      |
| 16  |406.40| 86  | 100 | 135 | 100 | 178 | 225 | 135 |     |     | 405  |      |
| 18  |457.20| 110 | 154 | 195 | 126 | 247 | 317 | 168 |     |     |      |      |
| 20  |508.00| 160 | 206 | 253 | 160 | 345 | 431 | 206 |     |     |      |      |
| 22  |558.80| 197 | 260 |     | 197 |     |     | 260 |     |     |      |      |
| 24  |609.60| 238 | 351 | 423 | 238 | 594 | 735 | 300 |     |     |      |      |
+-----+------+-----+-----+-----+-----+-----+-----+-----+-----+-----+------+------+
| 26  |660.40| 275 |     |     | 275 |     |     | 365 |     |     |      |      |
| 30  |762.00| 367 |     |     | 367 |     |     | 488 |     |     |      |      |
+-----+------+-----+-----+-----+-----+-----+-----+-----+-----+-----+------+------+

90L
+-----+------+-----+-----+-----+-----+-----+-----+-----+-----+-----+------+------+
|PIPE | OUT- | SCH.| SCH.| SCH.| SCH.| SCH.| SCH.| SCH.| SCH.| SCH.| SCH. | SCH. |
|SIZE | SIDE |  20 |  30 |  40 | STD |  60 |  80 |  XS | 100 | 120.| 160  | XXS  |  
+-----+------+-----+-----+-----+-----+-----+-----+-----+-----+-----+------+------+
| 0.5 | 21.34|     |     |  0.2|  0.2|     |  0.3|  0.3|     |     |      |      |
|0.75 | 26.67|     |     |  0.2|  0.2|     |  0.3|  0.3|     |     |      |      |
|  1  | 33.40|     |     |  0.4|  0.4|     |  0.5|  0.5|     |     |  0.6 |  0.8 |
|1.25 | 42.16|     |     |  0.6|  0.6|     |  0.9|  0.9|     |     |  1.0 |  1.4 |
| 1.5 | 48.26|     |     |  0.9|  0.9|     |  1.2|  1.2|     |     |  1.4 |  1.9 |
|  2  | 60.33|     |     |  1.6|  1.6|     |  2.2|  2.2|     |     |  3.3 |  3.5 |
| 2.5 | 73.03|     |     |  3.3|  3.3|     |  4.0|  4.0|     |     |  5.1 |  7.0 |
|  3  | 88.90|     |     |  5.0|  5.0|     |  6.5|  6.5|     |     |  8.5 | 11.0 |
| 3.5 |101.60|     |     |  6.8|  6.8|     |  8.4|  8.4|     |     |      | 16.0 |
|  4  |114.30|     |     |  9.0|  9.0|     | 13.5| 13.5|     | 15.6| 18.0 | 20.0 |
|  5  |141.30|     |     | 15.5| 15.5|     | 22.0| 22.0|     | 27.8| 32.0 | 36.0 |
|  6  |168.28|     |     | 24.5| 24.5|     | 35.0| 35.0|     | 45.2| 57.0 | 65.0 |
|  8  |219.08| 36.5| 40.9| 50.0| 50.0| 58.0| 71.0| 71.0|  84 |100.8| 120  | 118  |
| 10  |273.05| 56.8| 71.4| 88  | 88  |     | 133 | 107 | 159 | 185 | 260  |      |
| 12  |323.85| 82  | 108 | 132 | 125 | 182 | 219 | 160 | 268 | 311 | 450  |      |
| 14  |355.60| 132 |     | 183 | 160 | 245 | 310 | 205 |     | 425 | 572  |      |
| 16  |406.40| 172 | 206 | 276 | 206 | 355 | 450 | 276 |     |     | 809  |      |
| 18  |457.20| 219 | 308 | 390 | 260 | 494 | 634 | 340 |     |     |      |      |
| 20  |508.00| 320 | 420 | 506 | 320 | 690 | 861 | 420 |     |     |      |      |
| 22  |558.80| 394 | 520 |     | 394 |     |     | 520 |     |     |      |      |
| 24  |609.60| 460 | 702 | 846 | 460 |1188 |1470 | 600 |     |     |      |      |
+-----+------+-----+-----+-----+-----+-----+-----+-----+-----+-----+------+------+
| 26  |660.40| 550 |     |     | 550 |     |     | 729 |     |     |      |      |
| 30  |762.00| 734 |     |     | 734 |     |     | 975 |     |     |      |      |
+-----+------+-----+-----+-----+-----+-----+-----+-----+-----+-----+------+------+

90S
+-----+------+-----+-----+-----+-----+-----+-----+-----+-----+-----+------+------+
|PIPE | OUT- | SCH.| SCH.| SCH.| SCH.| SCH.| SCH.| SCH.| SCH.| SCH.| SCH. | SCH. |
|SIZE | SIDE |  20 |  30 |  40 | STD |  60 |  80 |  XS | 100 | 120.| 160  | XXS  |  
+-----+------+-----+-----+-----+-----+-----+-----+-----+-----+-----+------+------+
| 0.5 | 21.34|     |     |     |     |     |     |     |     |     |      |      |
|0.75 | 26.67|     |     |     |     |     |     |     |     |     |      |      |
|  1  | 33.40|     |     |  0.3|  0.3|     |     |     |     |     |  0.4 |  0.5 |
|1.25 | 42.16|     |     |  0.4|  0.4|     |     |     |     |     |  0.7 |  0.9 |
| 1.5 | 48.26|     |     |  0.6|  0.6|     |  0.8|  0.8|     |     |  1.2 |  1.0 |
|  2  | 60.33|     |     |  1.0|  1.0|     |  1.5|  1.5|     |     |  2.2 |  2.3 |
| 2.5 | 73.03|     |     |  2.1|  2.1|     |  2.8|  2.8|     |     |  3.4 |  5.0 |
|  3  | 88.90|     |     |  3.0|  3.0|     |  4.3|  4.3|     |     |  6.0 |  7.3 |
| 3.5 |101.60|     |     |  4.5|  4.5|     |  6.0|  6.0|     |     |      | 11.0 |
|  4  |114.30|     |     |  6.3|  6.3|     |  8.5|  8.5|     | 10.4| 12.0 | 13.0 |
|  5  |141.30|     |     |  9.6|  9.6|     | 14.0| 14.0|     | 18.6| 22.0 | 24.0 |
|  6  |168.28|     |     | 18.0| 18.0|     | 23.0| 23.0|     | 30.0| 38.0 | 44.0 |
|  8  |219.08| 24.4| 27.0| 34.0| 34.0| 39.1| 47.5| 47.5|  56 | 66.0| 80.0 | 79.0 |
| 10  |273.05| 38.2| 46.8| 58.0| 58  |     |  88 |  70 | 106 | 123 | 174  |      |
| 12  |323.85| 55  | 72  | 88  | 80  | 121 | 146 | 104 | 177 | 207 | 300  |      |
| 14  |355.60| 87  |     | 122 | 105 | 163 | 205 | 140 |     |     | 382  |      |
| 16  |406.40| 115 | 132 | 174 | 132 | 236 | 300 | 174 |     |     | 540  |      |
| 18  |457.20| 146 | 205 | 259 | 167 | 340 | 422 | 219 |     |     |      |      |
| 20  |508.00| 210 | 275 | 338 | 210 | 457 | 573 | 275 |     |     |      |      |
| 22  |558.80|     |     |     |     |     |     |     |     |     |      |      |
| 24  |609.60| 298 | 470 | 564 | 298 | 783 | 977 | 392 |     |     |      |      |
+-----+------+-----+-----+-----+-----+-----+-----+-----+-----+-----+------+------+
| 26  |660.40|     |     |     |     |     |     |     |     |     |      |      |
| 30  |762.00| 464 |     |     | 464 |     |     | 618 |     |     |      |      |
+-----+------+-----+-----+-----+-----+-----+-----+-----+-----+-----+------+------+


